1013.25
1013.25
1013.25
1013.25
1013.25
1013.25
1013.25
1013.25
1013.25
1013.25
1013.25
1013.25
1013.25
1013.25
956.7436522374429
901.9057989954338
846.4005479452055
790.1166661187215
735.1675799086757
679.3286299543379
623.9346118721461
566.9833322374429
512.7016438356164
456.8626938812785
401.3574428310502
345.8521917808219
288.9009121461187
234.61922374429219
1013.25
1013.25
1013.25
1013.25
1013.25
1013.25
1013.25
1013.25
1013.25
1013.25
1013.25
1013.25
1013.25
1013.25
956.7436522374429
901.9057989954338
846.4005479452055
790.1166661187215
735.1675799086757
679.3286299543379
623.9346118721461
566.9833322374429
512.7016438356164
178.66904082191775
123.27502273972596
67.76977168949765
12.042054703196271
0.0
0.0
