1013.25
1013.25
1013.25
999.7630026255707
985.6642239269406
971.9547606164383
993.2280657534246
1014.0425348972602
1034.5650175
1055.4211990068493
1076.235668150685
1097.1752743835616
1117.9480311643836
1139.1379115753425
1159.7021065410959
1180.5165756849315
1013.25
1013.25
1013.25
1013.25
1013.25
1013.25
1013.25
1013.25
1013.25
1013.25
1013.25
1013.25
1013.25
1013.25
956.7436522374429
901.9057989954338
846.4005479452055
790.1166661187215
735.1675799086757
679.3286299543379
623.9346118721461
566.9833322374429
512.7016438356164
456.8626938812785
401.3574428310502
345.8521917808219
288.9009121461187
234.61922374429219
1013.25
1013.25
1013.25
1013.25
1013.25
1013.25
1013.25
1013.25
1013.25
1013.25
1013.25
1013.25
1013.25
1013.25
956.7436522374429
901.9057989954338
846.4005479452055
790.1166661187215
735.1675799086757
679.3286299543379
623.9346118721461
566.9833322374429
512.7016438356164
178.66904082191775
123.27502273972596
67.76977168949765
12.042054703196271
0.0
0.0
1201.4978942808218
1222.22893869863
1243.1685449315066
1263.9830140753422
